# oST version 5.0 parameters


[image]

width
2064

height
1544

[narrow_stereo]

camera matrix
1260.542735 0.000000 1052.378058
0.000000 1261.736189 814.164916
0.000000 0.000000 1.000000

distortion
-0.084006 0.092924 0.001630 -0.002869 0.000000

rectification
1.000000 0.000000 0.000000
0.000000 1.000000 0.000000
0.000000 0.000000 1.000000

projection
1276.911499 0.000000 1042.252406 0.000000
0.000000 1282.395142 814.206706 0.000000
0.000000 0.000000 1.000000 0.000000
